   -0.03029058
   -0.02598524
   -0.03549971
    0.00514592
   -0.03555546
   -0.02597840
    0.00340158
   -0.03317425
   -0.03345749
    0.00327898
   -0.03331100
   -0.03320242
    0.00366324
   -0.03334886
   -0.03329052
    0.00334608
   -0.03319106
   -0.03326156
    0.00346271
   -0.03323349
   -0.03314026
    0.00348343
   -0.03328377
   -0.03338528
    0.00352455
   -0.03324873
   -0.03328247
    0.00350118
   -0.03319426
   -0.03315254
    0.00328960
   -0.03315754
   -0.03333706
    0.00363373
   -0.03333345
   -0.03329018
    0.00325149
   -0.03331333
   -0.03314022
    0.00340937
   -0.03320449
   -0.03327531
    0.00514950
   -0.03553642
   -0.02596183
   -0.03034461
   -0.02594943
   -0.03554718
    0.02968407
    0.02965651
    0.03047063
    0.03049909
    0.02963813
    0.03144502
    0.03135558
    0.03129306
    0.03146143
    0.03146813
    0.03141321
    0.03138012
    0.03143319
    0.03142254
    0.03133679
    0.03133877
    0.03148885
    0.03136718
    0.03140298
    0.03138467
    0.03134435
    0.03133909
    0.03142672
    0.03144778
    0.03133928
    0.03126389
    0.03148908
    0.03145999
    0.03128938
    0.03050509
    0.02964915
    0.02967571
    0.02964792
    0.03049965
