           2           1   1.43519625937756     
           3           2   1.45272331659508     
           4           3   1.39019697104337     
           5           4   1.38989717431941     
           6           1   1.43498791208288     
           6           5   1.45300756311872     
           7           4   1.05134491863896     
           8           7   1.38290672099898     
           9           8   1.46548225664294     
          10           9   1.38122621628040     
          11          10   1.38219072548819     
          12           7   1.38344928322116     
          12          11   1.46475314699413     
          13          10   1.05542671911734     
          14          13   1.38052484919782     
          15          14   1.46671605056910     
          16          15   1.38040325075334     
          17          16   1.38193478033667     
          18          13   1.38186337780965     
          18          17   1.46537547624482     
          19          16   1.05564845747824     
          20          19   1.38213277803165     
          21          20   1.46479941263814     
          22          21   1.38278280878060     
          23          22   1.38108879700594     
          24          19   1.38043285796898     
          24          23   1.46651885557540     
          25          22   1.05345682952149     
          26          25   1.38141261079807     
          27          26   1.46594897812265     
          28          27   1.38122694367395     
          29          28   1.38243855233504     
          30          25   1.38279048221598     
          30          29   1.46473024967327     
          31          28   1.05450322888010     
          32          31   1.38219880613527     
          33          32   1.46515218366085     
          34          33   1.38214629194195     
          35          34   1.38143358218992     
          36          31   1.38128790463109     
          36          35   1.46592241879637     
          37          34   1.05419993362598     
          38          37   1.38215515746519     
          39          38   1.46486702611022     
          40          39   1.38343968619946     
          41          40   1.38365116599084     
          42          37   1.38250281667452     
          42          41   1.46457475489611     
          43          40   1.05085235974074     
          44          43   1.39016067417595     
          45          44   1.45282674066143     
          46          45   1.43509164060588     
          47          46   1.43522522824015     
          48          43   1.39036882662581     
          48          47   1.45269310475415     
          49           1  0.974371770548777     
          50           2  0.973670068851068     
          51           3  0.971528749773129     
          52           5  0.971471817211893     
          53           6  0.973663779448324     
          54           8  0.970649326001184     
          55           9  0.970455751393203     
          56          11  0.970674107343624     
          57          12  0.970788537395166     
          58          14  0.970392698666187     
          59          15  0.970404803929908     
          60          17  0.970691697982472     
          61          18  0.970678366577377     
          62          20  0.970732071207925     
          63          21  0.971054932783740     
          64          23  0.970826396958037     
          65          24  0.970490674575593     
          66          26  0.970832984728244     
          67          27  0.970685334970651     
          68          29  0.970904097300454     
          69          30  0.971075666259783     
          70          32  0.970882186156282     
          71          33  0.970817586787026     
          72          35  0.970761302819102     
          73          36  0.970704422149443     
          74          38  0.970747450045654     
          75          39  0.970774471764510     
          76          41  0.970772846987332     
          77          42  0.970762750533293     
          78          44  0.971529582654598     
          79          45  0.973664517642122     
          80          46  0.974377386849358     
          81          47  0.973672622683859     
          82          48  0.971560060868855     
